raw_brier=0.135662
calibrated_brier=0.066089
