raw_brier=0.112541
calibrated_brier=0.066215
